Пары ключей:

Биты: 32
Открытый ключ: 65537 382653887620562039
Закрытый ключ: 355982492682144161 382653887620562039

ЛенаГоловач
229851739886883957 349514177251194061 264474399782958865 271827982027125301 203029562507100977 147422965797401187 132970210979565756 147422965797401187 28103493972049974 271827982027125301 370755756996506988

Открытый ключ: 65537 3564160240934918341
Закрытый ключ: 3564160237041489115 3564160240934918341

Данные
924100598687731137 1801277616496265173 1441582069440223049 1441582069440223049 3068450290011725046 214361936868211211


Биты: 64
Открытый ключ: 65537 17258014306698155458670829126224610881
Закрытый ключ: 10042443712715578318264314830381390465 17258014306698155458670829126224610881

Пока лена проблем Ну
15771499846679019566578682931750520929 15315546876378500209271060067896119016 5656559694087017854669331790704773363 7435438633505655148623112577143747016 10709072180044441431473367451700085715 7905001829682704427053647667342719008 9444094413115694750854053135728836088 11370008383485058463009019358006283953 7435438633505655148623112577143747016 10709072180044441431473367451700085715 6576637992252111568826289511370213126 8703537099760575916450717738550203789 15315546876378500209271060067896119016 7129881740901787322924410318550927709 7905001829682704427053647667342719008 9444094413115694750854053135728836088 9654663542485419536376882837836163858 10709072180044441431473367451700085715 4224942080014640682580974079647579065 16272700467496885804897271422057954075

Открытый ключ: (65537, 103966978530922415193722077334832182081)
Закрытый ключ: (29471, 103966978530922415193722077334832182081)





ДАЛЬШЕ БОГА НЕТ

Биты: 128
Открытый ключ: 65537 10895759105123126662831303335701184365428847374139569690154222317554664052141
Закрытый ключ: 19391 10895759105123126662831303335701184365428847374139569690154222317554664052141

2481188289550935889333098034583041606740493968934029985924264209957186942225 5449956107318454517313126561250304362231645021238471697550508655697039557288 9052301330946111269841083983178736152080436534641374584122152221764407308397 4702575528077453200858814664753940138431342230806072211583422835934252229453

5869965694031558942512667001917997795117914478329508782000725935064971460638 3137527867333509185138656850946431630614344414593651190940059479033866644548 1811952294420196455390426330139278840480302406668083930222090391956552360626 4914807695057113206292118430071053448440236271004867727891660418288972602083


2481188289550935889333098034583041606740493968934029985924264209957186942225 5449956107318454517313126561250304362231645021238471697550508655697039557288 9052301330946111269841083983178736152080436534641374584122152221764407308397 4702575528077453200858814664753940138431342230806072211583422835934252229453 5518142230548568247830883130094478671071539600452826669882393564951936397517 5869965694031558942512667001917997795117914478329508782000725935064971460638 5631202634792075855273216972704975641767906373352264400057257119961891015699 1811952294420196455390426330139278840480302406668083930222090391956552360626 4914807695057113206292118430071053448440236271004867727891660418288972602083



2481188289550935889333098034583041606740493968934029985924264209957186942225 5449956107318454517313126561250304362231645021238471697550508655697039557288 9052301330946111269841083983178736152080436534641374584122152221764407308397 4702575528077453200858814664753940138431342230806072211583422835934252229453 5518142230548568247830883130094478671071539600452826669882393564951936397517 3899634565326474715639434219386504552184830591464100573114229714369255671388 8125643038585783987355524157514617046256633036676888373852725126188434367204 1569291116790456788396283190681325614349565544861960352343155147999142177537 8125643038585783987355524157514617046256633036676888373852725126188434367204 10535509488241356930583884532021745911441150784718880429445272101133530220087 4702575528077453200858814664753940138431342230806072211583422835934252229453


2090584047569661205070388948188876136769993439995632236715071488752089895354 8125643038585783987355524157514617046256633036676888373852725126188434367204 8570646712060756393975449424423282418247196247267448658716873313452056787498 8975406887233272398957509241642812717581164071616254391704677803102029733047 10515413003651079763075089477459512587657077650315584066939005569373726113989 3480289442698333345346241970095171333825668168253208926422688393247682754776 8883925285733381788277927005435518548435515848966055367336202197599805611791 5449956107318454517313126561250304362231645021238471697550508655697039557288 5518142230548568247830883130094478671071539600452826669882393564951936397517 10535509488241356930583884532021745911441150784718880429445272101133530220087 5518142230548568247830883130094478671071539600452826669882393564951936397517 8996427761548238756648311760031177211938289800686912167949636157338739196571 5397337172736850505817685570642230264730081509590272122090655741502540794613 8125643038585783987355524157514617046256633036676888373852725126188434367204 6496324803391389250322005965034776005621437170320350792521136110503715445994 5449956107318454517313126561250304362231645021238471697550508655697039557288 1569291116790456788396283190681325614349565544861960352343155147999142177537


Биты: 512
Открытый ключ: 65537 52179565157488316993871402941159240369429165492852947734052087547314866930605991184648118001204448544955188339952588582621782223376545505805768003524930921053374938252552112030039445271832703989512447459150939971239828730751577052441755828983127380796972258260461152750395238898536738603701330614859283155213
Закрытый ключ: 145 52179565157488316993871402941159240369429165492852947734052087547314866930605991184648118001204448544955188339952588582621782223376545505805768003524930921053374938252552112030039445271832703989512447459150939971239828730751577052441755828983127380796972258260461152750395238898536738603701330614859283155213

Пачка молока в пачке молока в пачке молока... испортилась!
5129066982770713114714905204728185445716398336448887503236918092050522653237096148059736808809370469155812050955066644474289281914447346377015506002185724798665121483063816444419537011396137951650898386385804616551327316369989364072031102274977685526252989557527399389385331022456559321389547440023815821511 8012106238308199955773119734693877173102607128420676532247700273435702797547083716801481963047911285064523901029806516170460312352948492893644873731760146247214272762793299289921737953124201722918692566633507014824542365254974156171130847920393900718379797491183587197256989320575003459055870698281019464714 12297522104668970804462587736869212810943149382512691683052464634760351991209452505202264464414460662188571661773117669370942591937202501704225465315390082125062341070476962652723709815663718719462837888479481233976574080657530504749087376643702227692186904541387369413295466794169078920972404172421778546869 25519860876697581057573688258875436994942878238630250541178319346741043513847577013604312535432466863540770352103728243266805587166681374441963467254962291097071907653451778682600567129390966584101277638477689231870347595566783041833243078078765615058755858021321452271863553018095381815190309369557097146024 8012106238308199955773119734693877173102607128420676532247700273435702797547083716801481963047911285064523901029806516170460312352948492893644873731760146247214272762793299289921737953124201722918692566633507014824542365254974156171130847920393900718379797491183587197256989320575003459055870698281019464714 5355192239274255489735329461614494285847250260377206065581387937790626872520442178100836971210369850792338213136448216171596148798009668803571383654010047171734713184487909344153890535457576038419593790578148053575748381220648513664357060113198643050633479611645264830234210444713179516569674025565246960550 46438056412579199170478274956835510141657148209658658953340541000993449675054700526413331269579351004696528981902473881761737922267703546746313356190087314355487634586492696106436627560409621175808817803924166371956912357224064443258546089409599982691032831054491489313349842014274323266138060220587649467873 7984127209470351209574948137025569612308941858057892711091012089421832684415103662552108100640100623123968433169572694815678498997629218346841906822778866265732350761158951553534783113192003539348137903869074722070538091059876557542288056362057454195840343732790767659855208477439629723392811031471316119746 13692644211807427372863528658531943402414355446003479308858656734174802444043286470812659655108800567734466493883934698210121082021231566053570887692217688575498449812335029599749894435526028794482170959134023187698824875111364616361955971077873062785536597470327095234614674328954025744703172103667293248122 7984127209470351209574948137025569612308941858057892711091012089421832684415103662552108100640100623123968433169572694815678498997629218346841906822778866265732350761158951553534783113192003539348137903869074722070538091059876557542288056362057454195840343732790767659855208477439629723392811031471316119746 25519860876697581057573688258875436994942878238630250541178319346741043513847577013604312535432466863540770352103728243266805587166681374441963467254962291097071907653451778682600567129390966584101277638477689231870347595566783041833243078078765615058755858021321452271863553018095381815190309369557097146024 8012106238308199955773119734693877173102607128420676532247700273435702797547083716801481963047911285064523901029806516170460312352948492893644873731760146247214272762793299289921737953124201722918692566633507014824542365254974156171130847920393900718379797491183587197256989320575003459055870698281019464714 5355192239274255489735329461614494285847250260377206065581387937790626872520442178100836971210369850792338213136448216171596148798009668803571383654010047171734713184487909344153890535457576038419593790578148053575748381220648513664357060113198643050633479611645264830234210444713179516569674025565246960550 27736491800776541397431701417538393042238523015858648038200456908871369462218066881150734991222203945092647230953373288228600656200535912505616359372817326189178487109052552145234161321789165234113014192748049924651096049972800698666522283371166635333223198451990678535338466237936560300945967121840845633216 5355192239274255489735329461614494285847250260377206065581387937790626872520442178100836971210369850792338213136448216171596148798009668803571383654010047171734713184487909344153890535457576038419593790578148053575748381220648513664357060113198643050633479611645264830234210444713179516569674025565246960550 31217204903394204696370750237184117639576064843466085384080926257686839330294202288329104674225874134340641681031879024534145882550594163631744419003617557599593523259783426298571834034952115772965238954524124595455062676770494993712216066910885354751749573265925808897630055124077259271890863744899844773492 8012106238308199955773119734693877173102607128420676532247700273435702797547083716801481963047911285064523901029806516170460312352948492893644873731760146247214272762793299289921737953124201722918692566633507014824542365254974156171130847920393900718379797491183587197256989320575003459055870698281019464714 12297522104668970804462587736869212810943149382512691683052464634760351991209452505202264464414460662188571661773117669370942591937202501704225465315390082125062341070476962652723709815663718719462837888479481233976574080657530504749087376643702227692186904541387369413295466794169078920972404172421778546869 25519860876697581057573688258875436994942878238630250541178319346741043513847577013604312535432466863540770352103728243266805587166681374441963467254962291097071907653451778682600567129390966584101277638477689231870347595566783041833243078078765615058755858021321452271863553018095381815190309369557097146024 1826503404360816636270370566862140923368262394987139205145309682942331248076059160529697592852696625478089872991462532155960318764723544934590908957954568420441546699852384019589334759302260495912329560179785615689999400046993275311706392978695686157981417543880459961289850681925499452706775552097485851391 5355192239274255489735329461614494285847250260377206065581387937790626872520442178100836971210369850792338213136448216171596148798009668803571383654010047171734713184487909344153890535457576038419593790578148053575748381220648513664357060113198643050633479611645264830234210444713179516569674025565246960550 46438056412579199170478274956835510141657148209658658953340541000993449675054700526413331269579351004696528981902473881761737922267703546746313356190087314355487634586492696106436627560409621175808817803924166371956912357224064443258546089409599982691032831054491489313349842014274323266138060220587649467873 7984127209470351209574948137025569612308941858057892711091012089421832684415103662552108100640100623123968433169572694815678498997629218346841906822778866265732350761158951553534783113192003539348137903869074722070538091059876557542288056362057454195840343732790767659855208477439629723392811031471316119746 13692644211807427372863528658531943402414355446003479308858656734174802444043286470812659655108800567734466493883934698210121082021231566053570887692217688575498449812335029599749894435526028794482170959134023187698824875111364616361955971077873062785536597470327095234614674328954025744703172103667293248122 7984127209470351209574948137025569612308941858057892711091012089421832684415103662552108100640100623123968433169572694815678498997629218346841906822778866265732350761158951553534783113192003539348137903869074722070538091059876557542288056362057454195840343732790767659855208477439629723392811031471316119746 25519860876697581057573688258875436994942878238630250541178319346741043513847577013604312535432466863540770352103728243266805587166681374441963467254962291097071907653451778682600567129390966584101277638477689231870347595566783041833243078078765615058755858021321452271863553018095381815190309369557097146024 8012106238308199955773119734693877173102607128420676532247700273435702797547083716801481963047911285064523901029806516170460312352948492893644873731760146247214272762793299289921737953124201722918692566633507014824542365254974156171130847920393900718379797491183587197256989320575003459055870698281019464714 5355192239274255489735329461614494285847250260377206065581387937790626872520442178100836971210369850792338213136448216171596148798009668803571383654010047171734713184487909344153890535457576038419593790578148053575748381220648513664357060113198643050633479611645264830234210444713179516569674025565246960550 27736491800776541397431701417538393042238523015858648038200456908871369462218066881150734991222203945092647230953373288228600656200535912505616359372817326189178487109052552145234161321789165234113014192748049924651096049972800698666522283371166635333223198451990678535338466237936560300945967121840845633216 5355192239274255489735329461614494285847250260377206065581387937790626872520442178100836971210369850792338213136448216171596148798009668803571383654010047171734713184487909344153890535457576038419593790578148053575748381220648513664357060113198643050633479611645264830234210444713179516569674025565246960550 31217204903394204696370750237184117639576064843466085384080926257686839330294202288329104674225874134340641681031879024534145882550594163631744419003617557599593523259783426298571834034952115772965238954524124595455062676770494993712216066910885354751749573265925808897630055124077259271890863744899844773492 8012106238308199955773119734693877173102607128420676532247700273435702797547083716801481963047911285064523901029806516170460312352948492893644873731760146247214272762793299289921737953124201722918692566633507014824542365254974156171130847920393900718379797491183587197256989320575003459055870698281019464714 12297522104668970804462587736869212810943149382512691683052464634760351991209452505202264464414460662188571661773117669370942591937202501704225465315390082125062341070476962652723709815663718719462837888479481233976574080657530504749087376643702227692186904541387369413295466794169078920972404172421778546869 25519860876697581057573688258875436994942878238630250541178319346741043513847577013604312535432466863540770352103728243266805587166681374441963467254962291097071907653451778682600567129390966584101277638477689231870347595566783041833243078078765615058755858021321452271863553018095381815190309369557097146024 1826503404360816636270370566862140923368262394987139205145309682942331248076059160529697592852696625478089872991462532155960318764723544934590908957954568420441546699852384019589334759302260495912329560179785615689999400046993275311706392978695686157981417543880459961289850681925499452706775552097485851391 5355192239274255489735329461614494285847250260377206065581387937790626872520442178100836971210369850792338213136448216171596148798009668803571383654010047171734713184487909344153890535457576038419593790578148053575748381220648513664357060113198643050633479611645264830234210444713179516569674025565246960550 46438056412579199170478274956835510141657148209658658953340541000993449675054700526413331269579351004696528981902473881761737922267703546746313356190087314355487634586492696106436627560409621175808817803924166371956912357224064443258546089409599982691032831054491489313349842014274323266138060220587649467873 7984127209470351209574948137025569612308941858057892711091012089421832684415103662552108100640100623123968433169572694815678498997629218346841906822778866265732350761158951553534783113192003539348137903869074722070538091059876557542288056362057454195840343732790767659855208477439629723392811031471316119746 13692644211807427372863528658531943402414355446003479308858656734174802444043286470812659655108800567734466493883934698210121082021231566053570887692217688575498449812335029599749894435526028794482170959134023187698824875111364616361955971077873062785536597470327095234614674328954025744703172103667293248122 7984127209470351209574948137025569612308941858057892711091012089421832684415103662552108100640100623123968433169572694815678498997629218346841906822778866265732350761158951553534783113192003539348137903869074722070538091059876557542288056362057454195840343732790767659855208477439629723392811031471316119746 25519860876697581057573688258875436994942878238630250541178319346741043513847577013604312535432466863540770352103728243266805587166681374441963467254962291097071907653451778682600567129390966584101277638477689231870347595566783041833243078078765615058755858021321452271863553018095381815190309369557097146024 8012106238308199955773119734693877173102607128420676532247700273435702797547083716801481963047911285064523901029806516170460312352948492893644873731760146247214272762793299289921737953124201722918692566633507014824542365254974156171130847920393900718379797491183587197256989320575003459055870698281019464714 34477294466330340482207326033473551945563106703605709679230087450219081570975540344154874079372323826467707786992926611574790821319811022825856638447042028353774594719117087194557641138506071491336928571661033672556400329431939312584033854552404154706656035865235578777368948004393853911592795466123295005008 34477294466330340482207326033473551945563106703605709679230087450219081570975540344154874079372323826467707786992926611574790821319811022825856638447042028353774594719117087194557641138506071491336928571661033672556400329431939312584033854552404154706656035865235578777368948004393853911592795466123295005008 34477294466330340482207326033473551945563106703605709679230087450219081570975540344154874079372323826467707786992926611574790821319811022825856638447042028353774594719117087194557641138506071491336928571661033672556400329431939312584033854552404154706656035865235578777368948004393853911592795466123295005008 5355192239274255489735329461614494285847250260377206065581387937790626872520442178100836971210369850792338213136448216171596148798009668803571383654010047171734713184487909344153890535457576038419593790578148053575748381220648513664357060113198643050633479611645264830234210444713179516569674025565246960550 4832944030768425023715142742400948064262640090392184477132956736840693624027834317927378412558806071894375798190872273366394075062344029967040224310007268278738291533279446166177703994230839487356417927772233948461835405239504507903274954038567193632587601926164122450132130593680062897575794200770934014924 51054848189315137149302317102455595818854775215763649787253911837300361842546407191639127947272116050491717606501803217662836294932686159847451089164556299513816108224850370858144601320446668278518127654310479110256910299727780323261476689230191488315203290373639393135679093741510425330963755648191830643871 31217204903394204696370750237184117639576064843466085384080926257686839330294202288329104674225874134340641681031879024534145882550594163631744419003617557599593523259783426298571834034952115772965238954524124595455062676770494993712216066910885354751749573265925808897630055124077259271890863744899844773492 7984127209470351209574948137025569612308941858057892711091012089421832684415103662552108100640100623123968433169572694815678498997629218346841906822778866265732350761158951553534783113192003539348137903869074722070538091059876557542288056362057454195840343732790767659855208477439629723392811031471316119746 17462269590240078758126949557113708996885093910197973951510081517381434297157729398353335899066282002557302404729344238943316544243836988010561757976808928805512096164264463380236855241152085181327077668697312240504810040542260800245079648025959029309285388898082488691816931741263389418959168789762421107597 39686074070537179688921008853454583697322140873845669263107920628849206390596398762057524467650304687431894067901488725167469439819237554741159508711978052973165428142896157248273900231711502499598948686705542572946413669830044920115348762388367965111461337710145240052467824247774231078381393179331866542706 4832944030768425023715142742400948064262640090392184477132956736840693624027834317927378412558806071894375798190872273366394075062344029967040224310007268278738291533279446166177703994230839487356417927772233948461835405239504507903274954038567193632587601926164122450132130593680062897575794200770934014924 13692644211807427372863528658531943402414355446003479308858656734174802444043286470812659655108800567734466493883934698210121082021231566053570887692217688575498449812335029599749894435526028794482170959134023187698824875111364616361955971077873062785536597470327095234614674328954025744703172103667293248122 8012106238308199955773119734693877173102607128420676532247700273435702797547083716801481963047911285064523901029806516170460312352948492893644873731760146247214272762793299289921737953124201722918692566633507014824542365254974156171130847920393900718379797491183587197256989320575003459055870698281019464714 51054848189315137149302317102455595818854775215763649787253911837300361842546407191639127947272116050491717606501803217662836294932686159847451089164556299513816108224850370858144601320446668278518127654310479110256910299727780323261476689230191488315203290373639393135679093741510425330963755648191830643871 28726819382339218574210488896697709797750628475575297585267302660357623333371926439438725241115812351686529483906827946709499272201862476766989531189389574087545719840441930891186953137912463155039269305675939776013349035559862409958878595534055915732342496201603928757093900903730839318841922160439763072648 7302644092350380300647759228137401349512300823886974625822632953278232893713337974286381932081669651254488394164711320119114992583497391773219549188751010080852744357928554996234967951956759234218211612319824178899939239059135471354319565489502537200864390558997737040927636995485012207262309297311676991786
