1.3133125964506174
1.358041087962963
1.6677092978395063
1.6443262924382716
1.5605897955246915
1.7444077932098765
2.1457624421296297
2.1916517168209877
2.5914395254629627
2.587087191358025
2.66757137345679
2.7972911844135804
2.979007523148148
2.855850212191358
3.160457175925926
3.096291473765432
3.0347270447530863
3.0117872299382715
3.1239438657407406
2.8632344714506175
3.077150848765432
2.9255772569444445
2.8241840277777777
2.9091792052469136
3.0706737075617285
2.790960165895062
3.0235349151234567
2.6141917438271607
2.520518422067901
2.671680652006173
2.820368923611111
2.5372723765432097
2.837275752314815
2.6768195408950617
2.6709866898148147
2.7775135030864195
2.9614814814814814
2.6795616319444444
3.0090514081790123
2.85235725308642
2.785163483796296
2.92473331404321
3.0843089313271603
2.8225742669753084
3.0619212962962963
2.9211969521604937
2.8378322723765432
2.9777059220679014
3.1323500192901235
2.8721903935185185
3.1075868055555556
2.917069347993827
2.893882137345679
2.9637287808641974
3.215545910493827
2.9332793209876544
3.1301441936728396
2.964468074845679
2.919991801697531
3.096073977623457
3.226945891203704
2.973682484567901
3.1093156828703705
2.9070814043209876
2.856359953703704
2.9164617091049383
2.9737673611111113
2.7176774691358023
2.9077830825617283
2.8535947145061726
3.0501335841049384
3.283041087962963
3.454686535493827
3.358803047839506
3.4283550347222222
3.292002797067901
3.3198427854938273
3.4733969907407407
3.6087480709876543
3.535714699074074
3.515218460648148
2.9210127314814813
1.9746373456790123
2.1875236304012344
2.4519169560185183
2.4681630979938274
2.407898341049383
2.268936149691358
2.299979263117284
2.4920534336419755
2.632331211419753
2.6950636574074074
2.607400173611111
2.504035011574074
2.548966049382716
2.7535720486111113
2.8248374807098764
2.932785011574074
2.824173900462963
2.726333912037037
2.787103587962963
2.968307773919753
2.963234471450617
3.123054108796296
2.9832716049382717
2.914748746141975
2.972523148148148
2.9973673804012346
2.7055406057098765
2.7748591820987656
2.510106095679012
2.304473861882716
2.311673900462963
2.408681037808642
2.2301832561728396
2.3836612654320986
2.1899170524691356
2.041051311728395
2.055738811728395
2.178622202932099
1.9355965470679013
2.1140485146604937
1.926493537808642
1.7516999421296295
1.7920360725308642
1.907718460648148
1.6221233603395062
1.8439559220679012
1.6102064043209876
1.4882359182098766
1.497412712191358
1.6216657021604939
1.327944637345679
1.5469521604938272
1.416634837962963
1.2863146219135801
1.2760233410493826
1.3802092978395062
1.048831500771605
1.2751900077160494
1.0297444058641976
0.8752363040123456
0.9689877507716049
1.0978776041666667
0.7468161651234568
0.9446662808641976
0.6886974344135802
0.5946947337962963
0.7215417631172839
0.9298042052469135
0.624871238425926
0.8611250964506173
0.659819637345679
0.8416632908950618
1.4263218557098765
2.046662808641975
2.3514641203703706
3.57612606095679
4.5540986689814815
5.953316936728395
7.153046875
8.650146122685186
9.823686342592593
11.131018036265433
11.64737075617284
11.898759162808641
7.01192611882716
0.6110088734567901
0.4789158950617284
0.5233965084876543
0.4199266975308642
0.42221547067901233
0.5049594907407408
0.626919849537037
0.5322439236111111
0.5494728973765433
0.4134235146604938
0.40663869598765434
0.5256910686728395
0.6553057484567901
0.5443971836419753
0.5209722222222222
0.4366391782407407
0.4232050540123457
0.6494733796296296
0.6598133680555556
0.643695987654321
0.5398013117283951
0.418203125
0.41987895447530865
0.5233424961419753
0.5918470293209876
0.6205671296296297
0.5041276041666667
0.40446614583333335
0.42248119212962965
0.515375675154321
0.5409939236111111
0.6009842785493827
0.49334297839506175
0.40315441743827163
0.41672453703703705
0.529705825617284
